COLUMNS  1 - 1: firstfield            
COLUMNS  2 - 2: secondfield           
COLUMNS  3 - 5: locations             
  0.40000000E+01   0.20000000E+01   0.00000000E+00   0.20000000E+01   0.00000000E+00
  0.42500000E+01   0.20615528E+01   0.50000000E+00   0.20000000E+01   0.00000000E+00
  0.50000000E+01   0.22360680E+01   0.10000000E+01   0.20000000E+01   0.00000000E+00
  0.80000000E+01   0.20000000E+01   0.00000000E+00   0.20000000E+01   0.20000000E+01
  0.82500000E+01   0.20615528E+01   0.50000000E+00   0.20000000E+01   0.20000000E+01
  0.90000000E+01   0.22360680E+01   0.10000000E+01   0.20000000E+01   0.20000000E+01
  0.20000000E+02   0.20000000E+01   0.00000000E+00   0.20000000E+01   0.40000000E+01
  0.20250000E+02   0.20615528E+01   0.50000000E+00   0.20000000E+01   0.40000000E+01
  0.21000000E+02   0.22360680E+01   0.10000000E+01   0.20000000E+01   0.40000000E+01
